site,condition,amino_acid,day_5_count,day_5_total,day_0_count,day_0_total,odds_ratio,p_value,p_adj
E,BWM,P,92093,2014809,119574,2110363,0.7974435601717131,0.0,0.0
E,BWM,G,112285,2014809,134368,2110363,0.8679237800605039,8.37626012428282e-254,8.37626012428282e-253
E,BWM,S,125988,2014809,115938,2110363,1.147440789674632,4.938900034388536e-236,3.2926000229256924e-235
E,BWM,K,190333,2014809,209607,2110363,0.9460117399503206,2.4223039125152078e-62,1.2111519562576036e-61
E,BWM,H,45229,2014809,43316,2110363,1.0958355031759912,2.487190061007866e-41,9.948760244031463e-41
E,BWM,L,157866,2014809,158230,2110363,1.0488432968329091,5.88292856512839e-38,1.96097618837613e-37
E,BWM,Y,62273,2014809,61038,2110363,1.0708071973931672,2.747570776320999e-32,7.850202218059997e-32
E,BWM,T,104678,2014809,104737,2110363,1.0494024751801276,5.989553726389128e-27,1.497388431597282e-26
E,BWM,E,157623,2014809,159231,2110363,1.039975760684953,3.057823810134301e-26,6.79516402252067e-26
E,BWM,N,108066,2014809,108884,2110363,1.0417988813887311,1.6940626850922688e-20,3.386218896099133e-20
E,BWM,Q,88826,2014809,89123,2110363,1.0459616061374513,1.8624203928545236e-20,3.386218896099133e-20
E,BWM,M,48242,2014809,47762,2110363,1.0593739192469234,1.0473365571571034e-18,1.7455609285951724e-18
E,BWM,A,114819,2014809,124417,2110363,0.9646064356088968,1.2696820448213089e-17,1.953356992032783e-17
E,BWM,F,80686,2014809,81076,2110363,1.044155680797162,1.6612446006622732e-17,2.3732065723746758e-17
E,BWM,R,107325,2014809,116216,2110363,0.9654532288762036,6.618051944776943e-16,8.82406925970259e-16
E,BWM,D,122953,2014809,125913,2110363,1.0242845983906728,6.631663076610153e-09,8.289578845762692e-09
E,BWM,C,25542,2014809,25599,2110363,1.0456725825777105,5.26868930593848e-07,6.198458006986446e-07
E,BWM,V,130573,2014809,138918,2110363,0.9834317574972532,2.79721007505943e-05,3.108011194510478e-05
E,BWM,W,18777,2014809,20463,2110363,0.9607599888969924,8.067944508093244e-05,8.492573166413941e-05
E,BWM,I,120632,2014809,125953,2110363,1.003378659751643,0.4178362029408297,0.4178362029408297
E,control,P,95965,2414916,167492,3365031,0.7900290799777935,0.0,0.0
E,control,A,121937,2414916,193548,3365031,0.8713830913452582,1.9714415066057544e-296,1.971441506605754e-295
E,control,M,66178,2414916,78654,3365031,1.177268794236834,9.915215781450005e-204,6.610143854300001e-203
E,control,K,262618,2414916,343739,3365031,1.0724720407908543,2.371685020943632e-143,1.1858425104718161e-142
E,control,E,204410,2414916,266287,3365031,1.0760840002177694,9.325992365065992e-126,3.730396946026397e-125
E,control,G,146819,2414916,220007,3365031,0.9253544172632906,1.6740936824578437e-110,5.580312274859481e-110
E,control,N,139087,2414916,179353,3365031,1.0855257841371757,5.494658696005293e-110,1.5699024845729411e-109
E,control,T,113684,2414916,170415,3365031,0.9260827292188624,1.4536682810149294e-85,3.634170702537324e-85
E,control,Y,64054,2414916,97512,3365031,0.9130176581111212,4.7904767632314746e-70,1.0645503918292166e-69
E,control,S,143534,2414916,189615,3365031,1.0582604031423182,1.8313541297842454e-55,3.662708259568492e-55
E,control,R,137894,2414916,182379,3365031,1.0567991789048807,5.073970115502253e-51,9.225400210004096e-51
E,control,V,148990,2414916,216361,3365031,0.9568845968307748,6.986769154905872e-37,1.1644615258176456e-36
E,control,W,25396,2414916,31898,3365031,1.1105646314507032,3.502470650769685e-35,5.388416385799514e-35
E,control,L,179983,2414916,241829,3365031,1.0400606666658605,6.875199222234601e-34,9.821713174620858e-34
E,control,D,152382,2414916,204681,3365031,1.0399110839500292,4.51587851543481e-29,6.021171353913079e-29
E,control,I,137928,2414916,199516,3365031,0.9610773529202632,3.2609116701477316e-28,4.076139587684665e-28
E,control,F,84210,2414916,123055,3365031,0.9518898674039672,2.205004017565942e-27,2.5941223736069903e-27
E,control,Q,108835,2414916,145929,3365031,1.0410873163535483,9.430967587584336e-23,1.0478852875093708e-22
E,control,C,29221,2414916,38180,3365031,1.0672780566184874,9.396873726569264e-17,9.891446027967646e-17
E,control,H,51791,2414916,74581,3365031,0.9669292446074146,5.917858070284411e-09,5.917858070284411e-09
P,BWM,G,126458,2014802,168887,2110358,0.7698389542410167,0.0,0.0
P,BWM,L,149902,2014802,140734,2110358,1.1249576524207212,1.4593949755575428e-205,1.4593949755575429e-204
P,BWM,S,122880,2014802,121073,2110358,1.0671554323976244,1.1977774052437171e-54,7.98518270162478e-54
P,BWM,M,43890,2014802,41396,2110358,1.1129931284129082,6.053425334934978e-54,3.0267126674674894e-53
P,BWM,A,112233,2014802,124519,2110358,0.9407810631347824,4.769682058771512e-47,1.9078728235086047e-46
P,BWM,N,119691,2014802,118812,2110358,1.0586609124534443,1.3730421794708703e-41,4.5768072649029005e-41
P,BWM,I,125235,2014802,125321,2110358,1.0498038930042524,4.4784174246410346e-32,1.2795478356117244e-31
P,BWM,D,155434,2014802,169310,2110358,0.958372484793412,3.256925664960154e-31,8.142314162400385e-31
P,BWM,E,141326,2014802,142571,2110358,1.0411680306439526,3.412601543674852e-25,7.583558985944115e-25
P,BWM,P,85367,2014802,93765,2110358,0.9515626005648656,9.846551686022978e-25,1.969310337204596e-24
P,BWM,T,101738,2014802,102438,2110358,1.0424110621098377,5.776784111374206e-20,1.0503243838862192e-19
P,BWM,H,49738,2014802,49214,2110358,1.0600620522945812,1.290953019732584e-19,2.1515883662209732e-19
P,BWM,Y,73409,2014802,73421,2110358,1.0490426621636446,2.13354824036852e-19,3.2823819082592617e-19
P,BWM,R,109954,2014802,118858,2110358,0.9671695154831054,8.860142316271844e-15,1.2657346166102635e-14
P,BWM,C,31980,2014802,31892,2110358,1.0511287133133302,4.082695202451686e-10,5.443593603268915e-10
P,BWM,F,92147,2014802,94171,2110358,1.0261089291961571,5.535380091930295e-08,6.91922511491287e-08
P,BWM,K,153763,2014802,163185,2110358,0.9858723182816296,0.0001198999055462,0.0001410587124073
P,BWM,V,130864,2014802,138431,2110358,0.989489208297572,0.0080577739778091,0.0089530821975657
P,BWM,Q,72891,2014802,75847,2110358,1.0068533542230793,0.1964336908076911,0.206772306113359
P,BWM,W,15902,2014802,16513,2110358,1.008739969885393,0.438161267582336,0.438161267582336
P,control,G,152052,2414900,245599,3365028,0.853464115417026,0.0,0.0
P,control,K,172900,2414900,274036,3365028,0.8698605725685924,0.0,0.0
P,control,P,95037,2414900,155576,3365028,0.8451205535345055,0.0,0.0
P,control,F,117964,2414900,143085,3365028,1.156443291315339,6.2201850163594e-284,3.1100925081797e-283
P,control,D,197006,2414900,248702,3365028,1.113018216732389,1.1938507564219486e-253,4.7754030256877945e-253
P,control,V,170414,2414900,217772,3365028,1.097282366578496,2.0056185006042127e-168,6.685395002014042e-168
P,control,N,147593,2414900,188072,3365028,1.0996196412881896,4.2076736143888325e-154,1.202192461253952e-153
P,control,Q,76211,2414900,119392,3365028,0.8858695455726577,9.012344041813722e-147,2.2530860104534308e-146
P,control,I,157991,2414900,203479,3365028,1.0876736868543542,1.5201590179803212e-129,3.378131151067381e-129
P,control,S,146387,2414900,190862,3365028,1.073177115639261,2.636122899581157e-86,5.272245799162313e-86
P,control,R,124122,2414900,183662,3365028,0.9385557771606398,1.6064909976775908e-63,2.920892723050165e-63
P,control,W,16376,2414900,26304,3365028,0.8666075819719151,4.969719634906408e-47,8.282866058177347e-47
P,control,H,53095,2414900,79828,3365028,0.9251585205561978,4.211964100868618e-43,6.4799447705671055e-43
P,control,E,182463,2414900,245026,3365028,1.0407305456995029,2.2947954911912736e-35,3.231803828058957e-35
P,control,L,174911,2414900,234685,3365028,1.0415445042910707,2.423852871044218e-35,3.231803828058957e-35
P,control,C,39147,2414900,50443,3365028,1.0827431694912333,1.4419673571680015e-31,1.8024591964600024e-31
P,control,A,135241,2414900,193853,3365028,0.9704790567009342,2.0340997075180827e-16,2.3930584794330393e-16
P,control,T,119245,2414900,169623,3365028,0.978531311972651,2.1363071265958042e-08,2.3736745851064487e-08
P,control,M,50259,2414900,71995,3365028,0.9721703569169036,1.5376558136289675e-06,1.6185850669778605e-06
P,control,Y,86486,2414900,123034,3365028,0.9787520224503335,1.9984433962737065e-06,1.9984433962737065e-06
A,BWM,D,142093,2014776,124668,2110322,1.2085287828674471,0.0,0.0
A,BWM,G,118779,2014776,146641,2110322,0.8389141954727348,0.0,0.0
A,BWM,W,23146,2014776,35030,2110322,0.6885038354826969,0.0,0.0
A,BWM,N,94332,2014776,83651,2110322,1.1900617884297136,6.706203644129527e-282,3.3531018220647635e-281
A,BWM,I,121847,2014776,111995,2110322,1.1485461181656396,7.015519245280735e-232,2.806207698112294e-231
A,BWM,P,89234,2014776,103474,2110322,0.8987949160422142,2.376181958019443e-115,7.9206065267314755e-115
A,BWM,Y,77733,2014776,90046,2110322,0.9003522341489703,4.325157249903779e-98,1.2357592142582226e-97
A,BWM,M,49101,2014776,45351,2110322,1.1373803268039335,4.581618845497234e-85,1.1454047113743083e-84
A,BWM,L,159437,2014776,177892,2110322,0.933497573762212,1.3764711255941539e-81,3.0588247235425647e-81
A,BWM,V,123824,2014776,122311,2110322,1.064333154004352,7.804664022390981e-51,1.5609328044781962e-50
A,BWM,A,115812,2014776,128572,2110322,0.9400247694750136,1.1796086441930785e-49,2.1447429894419604e-49
A,BWM,F,82732,2014776,81201,2110322,1.0700475535647038,4.1181669198787104e-41,6.863611533131183e-41
A,BWM,T,99738,2014776,99780,2110322,1.049428633020938,7.806335444908718e-26,1.2009746838321106e-25
A,BWM,C,31662,2014776,35809,2110322,0.924942279455214,1.078160915601463e-23,1.5402298794306616e-23
A,BWM,K,155039,2014776,167147,2110322,0.9691762324324104,1.522827788160414e-17,2.030437050880552e-17
A,BWM,S,121370,2014776,125231,2110322,1.0160993528099576,0.0001215062655933,0.0001518828319916
A,BWM,Q,81942,2014776,87262,2110322,0.982868924040599,0.0005080951301359,0.0005977589766305
A,BWM,R,120252,2014776,127661,2110322,0.9857854838531748,0.0005559339719834,0.0006177044133149
A,BWM,H,47397,2014776,50524,2110322,0.98217692810966,0.005506946696584,0.0057967859964043
A,BWM,E,159306,2014776,166076,2110322,1.0051306912329157,0.1616465496667714,0.1616465496667714
A,control,A,122346,2414875,200039,3364978,0.8443560238013027,0.0,0.0
A,control,G,141039,2414875,227564,3364978,0.8551619190039982,0.0,0.0
A,control,N,124801,2414875,149750,3364978,1.170074442697256,0.0,0.0
A,control,P,85864,2414875,153972,3364978,0.7688452625400521,0.0,0.0
A,control,I,162150,2414875,200524,3364978,1.1359028834958351,4.9638954937285605e-297,1.985558197491424e-296
A,control,E,215489,2414875,274977,3364978,1.1009964026467598,1.558107474742917e-223,5.19369158247639e-223
A,control,M,63230,2414875,75427,3364978,1.1726305624012805,4.667253082725436e-186,1.333500880778696e-185
A,control,K,207703,2414875,269198,3364978,1.0821933291499657,2.149116633689873e-147,5.372791584224683e-147
A,control,L,170657,2414875,256468,3364978,0.9216757249977516,4.692990110082479e-140,1.0428866911294395e-139
A,control,W,24711,2414875,40998,3364978,0.8382206404124034,1.2403762345011192e-106,2.4807524690022384e-106
A,control,D,169367,2414875,224976,3364978,1.0527079969343056,1.8904021582659287e-53,3.43709483321078e-53
A,control,V,146046,2414875,211516,3364978,0.9596928941941218,9.342308148731173e-32,1.5570513581218624e-31
A,control,C,38529,2414875,50302,3364978,1.0684000341987592,3.6233407556734933e-22,5.574370393343836e-22
A,control,S,142469,2414875,192369,3364978,1.0339889871402708,1.814490575236655e-20,2.5921293931952212e-20
A,control,F,98253,2414875,132228,3364978,1.0369058738532124,3.690907643921092e-17,4.9212101918947885e-17
A,control,H,54738,2414875,79012,3364978,0.9645432857994786,1.3618377941157458e-10,1.702297242644682e-10
A,control,T,118848,2414875,161809,3364978,1.0246889803345622,4.874472272233585e-10,5.734673261451275e-10
A,control,Q,94101,2414875,133830,3364978,0.9789595813382768,9.538131446193409e-07,1.0597923829103786e-06
A,control,R,137511,2414875,194599,3364978,0.9837292111202264,6.156195489199482e-06,6.480205778104718e-06
A,control,Y,97023,2414875,135420,3364978,0.9982728879498656,0.6881479603515417,0.6881479603515417
